40.0 377.0 41.0 376.0 47.0 376.0 48.0 377.0 48.0 419.0 47.0 420.0 41.0 420.0 40.0 419.0 :  : 0

44.0 427.0 44.0 467.0 47.0 467.0 48.0 468.0 48.0 489.0 211.0 489.0 211.0 427.0 :  : 0

261.0 332.0 261.0 424.0 260.0 425.0 260.0 428.0 357.0 428.0 358.0 427.0 358.0 413.0 359.0 412.0 361.0 412.0 361.0 359.0 358.0 359.0 355.0 356.0 355.0 332.0 :  : 0

260.0 312.0 259.0 313.0 259.0 326.0 355.0 326.0 355.0 312.0 :  : 0

301.0 238.0 301.0 305.0 345.0 305.0 346.0 304.0 355.0 304.0 355.0 238.0 :  : 0

220.0 233.0 220.0 305.0 260.0 305.0 260.0 235.0 235.0 235.0 233.0 233.0 :  : 0

166.0 167.0 166.0 186.0 230.0 186.0 230.0 167.0 :  : 0

166.0 105.0 166.0 161.0 230.0 161.0 230.0 105.0 :  : 0

237.0 94.0 236.0 95.0 236.0 162.0 238.0 164.0 238.0 227.0 358.0 227.0 358.0 225.0 359.0 224.0 360.0 224.0 360.0 182.0 359.0 182.0 358.0 181.0 358.0 180.0 341.0 180.0 340.0 179.0 340.0 95.0 339.0 94.0 :  : 0

